10 00 00 1c 00 00 00 00  80 00 3d 00 80 00 3d 00
80 00 3d 40 80 00 3d 80  80 00 00 00 80 00 3d 40
80 00 bd 10 00 00 00 00  00 00 00 00 00 00 00 00
80 00 0b c0 80 00 0c cc  80 00 0c c4 80 00 37 98
80 00 38 d4 80 00 38 d4  80 00 38 d4 80 00 38 dc
80 00 12 2c 80 00 38 e4  80 00 39 e4 80 00 35 14
80 00 34 d8 80 00 34 e0  80 00 0d 18 80 00 34 bc
80 00 0e 5c 00 00 e0 21  04 11 00 01 00 00 00 00
00 00 00 00 3c 16 1f ff  02 df b0 24 02 c0 20 21
3c 1b 80 00 27 7b 00 30  3c 1f 80 00 27 ff 00 ac
03 7f d8 22 04 11 00 01  00 00 00 00 03 7f d8 21
3c 01 a0 00 03 61 d8 25  8f 7b 00 00 03 76 d8 21
3c 01 a0 00 03 61 d8 25  03 60 f8 09 00 00 00 00
3c 04 48 45 34 84 4c 4f  3c 1b 80 00 27 7b 00 30
3c 1f 80 00 27 ff 00 f4  03 7f d8 22 04 11 00 01
00 00 00 00 03 7f d8 21  3c 01 a0 00 03 61 d8 25
8f 7b 00 04 03 76 d8 21  3c 01 a0 00 03 61 d8 25
03 60 f8 09 00 00 00 00  3c 1b 80 00 27 7b 00 30
3c 1f 80 00 27 ff 01 34  03 7f d8 22 04 11 00 01
00 00 00 00 03 7f d8 21  3c 01 a0 00 03 61 d8 25
8f 7b 00 0c 03 76 d8 21  3c 01 a0 00 03 61 d8 25
03 60 f8 09 00 00 00 00  04 11 02 92 00 00 00 00
3c 1b 80 00 27 7b 00 30  3c 1f 80 00 27 ff 01 7c
03 7f d8 22 04 11 00 01  00 00 00 00 03 7f d8 21
8f 7b 00 40 03 76 d8 21  03 60 f8 09 00 00 00 00
3c 1b 80 00 27 7b 00 30  3c 1f 80 00 27 ff 01 ac
03 7f d8 22 04 11 00 01  00 00 00 00 03 7f d8 21
8f 7b 00 38 03 76 d8 21  03 60 f8 09 00 00 00 00
3c 04 44 52 34 84 41 4d  3c 1b 80 00 27 7b 00 30
3c 1f 80 00 27 ff 01 e4  03 7f d8 22 04 11 00 01
00 00 00 00 03 7f d8 21  8f 7b 00 04 03 76 d8 21
03 60 f8 09 00 00 00 00  3c 1b 80 00 27 7b 00 30
3c 1f 80 00 27 ff 02 14  03 7f d8 22 04 11 00 01
00 00 00 00 03 7f d8 21  8f 7b 00 08 03 76 d8 21
03 60 f8 09 00 00 00 00  00 40 20 21 3c 1b 80 00
27 7b 00 30 3c 1f 80 00  27 ff 02 48 03 7f d8 22
04 11 00 01 00 00 00 00  03 7f d8 21 8f 7b 00 20
03 76 d8 21 03 60 f8 09  00 00 00 00 3c 1b 80 00
27 7b 00 30 3c 1f 80 00  27 ff 02 78 03 7f d8 22
04 11 00 01 00 00 00 00  03 7f d8 21 8f 7b 00 3c
03 76 d8 21 03 60 f8 09  00 00 00 00 00 40 d0 21
17 40 00 11 00 00 00 00  3c 04 52 41 34 84 4d 58
3c 1b 80 00 27 7b 00 30  3c 1f 80 00 27 ff 02 bc
03 7f d8 22 04 11 00 01  00 00 00 00 03 7f d8 21
8f 7b 00 04 03 76 d8 21  03 60 f8 09 00 00 00 00
10 00 ff ff 00 00 00 00  24 18 01 00 03 1a 08 2a
14 20 00 02 00 00 00 00  03 40 c0 21 00 18 c5 00
24 1e 00 00 24 19 00 00  3c 04 80 00 24 84 00 08
3c 1f 80 00 27 ff 03 14  00 9f 20 22 04 11 00 01
00 00 00 00 00 9f 20 21  8c 9c 00 18 03 9e e0 20
3c 04 5a 42 34 84 53 53  3c 1b 80 00 27 7b 00 30
3c 1f 80 00 27 ff 03 44  03 7f d8 22 04 11 00 01
00 00 00 00 03 7f d8 21  8f 7b 00 04 03 76 d8 21
03 60 f8 09 00 00 00 00  3c 04 80 00 24 84 00 08
3c 1f 80 00 27 ff 03 74  00 9f 20 22 04 11 00 01
00 00 00 00 00 9f 20 21  8c 82 00 14 8c 83 00 0c
00 5e 10 20 00 7e 18 20  ac 40 00 00 ac 40 00 04
ac 40 00 08 ac 40 00 0c  20 42 00 10 00 43 08 2a
14 20 ff f9 00 00 00 00  3c 04 43 4f 34 84 44 45
3c 1b 80 00 27 7b 00 30  3c 1f 80 00 27 ff 03 cc
03 7f d8 22 04 11 00 01  00 00 00 00 03 7f d8 21
8f 7b 00 04 03 76 d8 21  03 60 f8 09 00 00 00 00
3c 04 80 00 24 84 00 08  3c 1f 80 00 27 ff 03 fc
00 9f 20 22 04 11 00 01  00 00 00 00 00 9f 20 21
8c 89 00 10 01 20 b8 21  8c 8a 00 10 01 56 50 21
8c 8b 00 00 01 76 58 21  8d 4c 00 00 8d 4d 00 04
8d 4e 00 08 8d 4f 00 0c  ad 2c 00 00 ad 2d 00 04
ad 2e 00 08 ad 2f 00 0c  21 29 00 10 21 4a 00 10
01 4b 08 2b 14 20 ff f4  00 00 00 00 3c 04 44 41
34 84 54 41 3c 1b 80 00  27 7b 00 30 3c 1f 80 00
27 ff 04 70 03 7f d8 22  04 11 00 01 00 00 00 00
03 7f d8 21 8f 7b 00 04  03 76 d8 21 03 60 f8 09
00 00 00 00 3c 04 80 00  24 84 00 08 3c 1f 80 00
27 ff 04 a0 00 9f 20 22  04 11 00 01 00 00 00 00
00 9f 20 21 8c 89 00 04  01 36 48 21 24 08 00 0f
01 28 48 20 01 00 40 27  01 28 48 24 8c 8a 00 04
8c 8b 00 08 01 5e 50 20  01 7e 58 20 8d 2c 00 00
8d 2d 00 04 8d 2e 00 08  8d 2f 00 0c ad 4c 00 00
ad 4d 00 04 ad 4e 00 08  ad 4f 00 0c 21 29 00 10
21 4a 00 10 01 4b 08 2b  14 20 ff f4 00 00 00 00
10 00 01 20 00 00 00 00  00 00 00 00 00 00 00 00
00 00 00 00 00 00 00 00  00 00 00 00 00 00 00 00
00 00 00 00 00 00 00 00  00 00 00 00 00 00 00 00
00 00 00 00 00 00 00 00  00 00 00 00 00 00 00 00
00 00 00 00 00 00 00 00  00 00 00 00 00 00 00 00
00 00 00 00 00 00 00 00  00 00 00 00 00 00 00 00
00 00 00 00 00 00 00 00  00 00 00 00 00 00 00 00
63 66 65 2d 76 01 00 26  70 76 00 00 00 00 00 00
00 00 00 06 65 3d 31 39  32 2e 31 36 38 2e 31 2e
31 3a 66 66 66 66 66 66  30 30 20 68 3d 31 39 32
2e 31 36 38 2e 31 2e 31  30 30 20 67 3d 20 72 3d
66 20 66 3d 76 6d 6c 69  6e 75 78 20 69 3d 62 63
6d 39 36 33 78 78 5f 66  73 5f 6b 65 72 6e 65 6c
20 64 3d 31 20 70 3d 30  20 6c 3d 6c 20 00 00 00
00 00 00 00 00 00 00 00  00 00 00 00 00 00 00 00
00 00 00 00 00 00 00 00  00 00 00 00 00 00 00 00
00 00 00 00 00 00 00 00  00 00 00 00 00 00 00 00
00 00 00 00 00 00 00 00  00 00 00 00 00 00 00 00
00 00 00 00 00 00 00 00  00 00 00 00 00 00 00 00
00 00 00 00 00 00 00 00  00 00 00 00 00 00 00 00
00 00 00 00 00 00 00 00  00 00 00 00 00 00 00 00
00 00 00 00 00 00 00 00  00 00 00 00 00 00 00 00
00 00 00 00 00 00 00 00  00 00 00 00 00 00 00 00
00 00 00 00 00 00 00 00  00 00 00 00 00 00 00 00
00 00 00 00 46 40 53 54  33 38 36 35 62 00 00 00
00 00 00 00 00 00 00 00  00 00 00 18 00 00 00 0a
00 10 18 00 00 00 00 00  00 00 00 00 00 00 00 00
00 00 00 00 00 00 00 00  00 00 00 00 00 00 00 00
00 00 00 00 00 00 00 00  00 00 00 00 00 00 00 00
00 00 00 00 00 00 00 00  00 00 00 00 00 00 00 00
00 00 00 00 00 00 00 00  00 00 00 00 00 00 00 00
00 00 00 00 00 00 00 00  00 00 00 00 00 00 00 00
00 00 00 00 00 00 00 00  00 00 00 00 00 00 00 00
00 00 00 00 00 00 00 00  00 00 00 00 00 00 00 00
00 00 00 00 00 00 00 00  00 00 00 00 00 00 00 00
00 00 00 00 00 00 00 00  00 00 00 00 00 00 00 00
00 00 00 00 00 00 00 00  00 00 00 00 00 00 00 00
00 00 00 00 00 00 00 00  00 00 00 00 00 00 00 00
00 00 00 00 00 00 00 00  00 00 00 00 00 00 00 00
00 00 00 00 00 00 00 00  00 00 00 00 00 00 00 00
00 00 00 00 00 00 00 00  00 00 00 00 00 00 00 00
00 00 00 00 00 00 00 00  00 00 00 00 00 00 00 00
00 00 00 00 00 00 00 00  00 00 00 00 00 00 00 00
00 00 00 00 00 00 00 00  00 00 00 00 00 00 00 00
00 00 00 00 00 00 00 00  00 00 00 00 00 00 00 00
00 00 00 00 00 00 00 80  00 00 7b 00 00 01 ec 00
00 01 fc 00 00 00 00 80  00 00 7a 80 00 00 7a 80
00 00 10 00 00 00 04 00  00 00 00 00 00 00 00 00